0  0  20.7286  -242.76
0.20527  -1.67259  20.7176  -242.869
0.523214  -1.67263  20.7176  -242.869
1.02213  -1.86168  20.6007  -243.008
1.20759  -2.10206  20.618  -242.77
0.893175  -2.02988  20.8213  -242.859
1.57191  -1.49388  20.823  -243.3
2.2219  -1.54128  20.6007  -243.008
1.6693  -1.78089  20.6013  -242.768
1.00587  -1.98432  20.7176  -242.869
0.191136  2.60625  20.7519  -242.53
0.50718  1.16788  20.8198  -243.017
0.189059  0.717455  20.5978  -242.892
0.289611  2.84301  20.5978  -242.892
0.665607  -2.63907  20.5853  -243.091
0.718815  2.87622  20.6377  -242.499
0.804299  2.2774  20.7053  -242.989
0.407979  2.18005  20.7201  -242.843
0.32312  2.28175  20.604  -242.908
0.405211  -2.82521  20.6007  -243.008
0.100041  -2.36383  20.826  -242.753
0.308183  -0.141886  20.7053  -242.989
0.422782  -0.468818  20.7176  -242.869
0.403833  -1.02356  20.6007  -243.008
0.0738311  3.00672  20.6227  -242.647
0.853144  1.58714  20.7394  -242.654
1.17083  1.39956  20.7263  -242.783
0.956802  1.25197  20.7163  -242.881
0.646172  1.01386  20.7176  -242.869
0.457428  0.678931  20.7176  -242.869
1.29811  0.949838  20.934  -242.354
1.20244  1.13459  20.4794  -243.056
0.227597  -3.03093  20.6007  -243.008
0.56414  -2.15656  20.7176  -242.869
0.69095  -1.82754  20.71  -242.943
0.469946  -1.65385  20.7333  -242.714
0.258805  -2.36986  20.5822  -242.853
0.498907  -3.05909  20.6013  -242.768
0.67479  -2.89238  20.6051  -242.965
0.82123  -2.28436  20.7053  -242.989
1.12467  -2.27267  20.4575  -242.94
1.24038  -2.42609  20.6184  -242.893
1.03764  -2.19344  20.7053  -242.989
1.0005  -1.76671  20.7053  -242.989
0.859253  -1.90781  20.4981  -242.873
0.73295  -1.97886  20.7053  -242.989
0.323672  -1.22386  20.7286  -242.76
0.216711  -0.529685  20.6007  -243.008
0.619228  -2.0434  20.4414  -243.098
0.551443  -2.22503  20.724  -242.806
0.272901  1.093  20.7286  -242.76
1.31766  1.18385  20.7519  -242.53
1.53639  1.10725  20.7053  -242.989
0.797805  0.873735  20.6007  -243.008
0.315541  0.796529  20.6184  -242.893
0.26725  0.624801  20.7163  -242.881
0.356242  -0.234081  20.7053  -242.989
0.471086  -0.442942  20.7176  -242.869
0.547463  -0.580547  20.7053  -242.989
0.763857  -1.64846  20.4414  -243.098
0.177549  1.21759  20.934  -242.354
1.44507  1.44265  20.5167  -242.689
1.19725  1.94262  20.5176  -242.999
0.734936  2.27284  20.7176  -242.869
0.536306  1.81058  20.7263  -242.783
0.275611  2.08656  20.5798  -242.98
0.350012  1.23827  20.8431  -242.644
0.715289  0.814495  20.7176  -242.869
0.394199  0.549508  20.6184  -242.893
0.154025  -1.28978  20.618  -242.936
0.252471  -0.487527  20.826  -242.753
0.704988  -2.20269  20.2385  -243.17
1.06251  -2.32614  20.826  -242.753
0.383599  -1.40678  20.8213  -242.859
0.623287  -0.0923304  20.826  -242.753
0.624672  0.852468  20.5167  -242.689
0.599433  1.40063  20.7176  -242.869
0.407101  1.01812  20.7176  -242.869
0.107755  0.876981  20.604  -242.908
0.327853  -1.68379  20.7053  -242.989
0.407894  -0.792202  20.826  -242.753
0.718138  0.203759  20.826  -242.753
0.601658  0.310198  20.6184  -242.893
0.290838  0.0465572  20.7176  -242.869
0.48481  -1.58432  20.5853  -243.091
0.981477  -2.23159  20.4981  -242.873
0.818543  -2.62395  20.7263  -242.783
0.545252  3.00466  20.636  -242.758
0.929143  2.62917  20.4942  -242.756
1.32203  2.3794  20.6227  -242.647
1.14026  2.14411  20.7176  -242.869
0.861569  2.06412  20.6013  -242.768
0.80545  2.08096  20.6226  -242.793
0.469539  1.89392  20.7176  -242.869
0.317028  -1.07634  20.6963  -243.078
0.61879  -1.27429  20.6226  -242.793
0.313432  -1.3466  20.6226  -242.793
0.0669723  -2.47268  20.6013  -242.768
0.313344  -2.15684  20.6007  -243.008
0.627608  -1.92556  20.6184  -242.893
0.634117  -1.90701  20.6184  -242.893
0.369034  -1.00535  20.826  -242.753
0.446709  0.153688  20.6226  -242.793
0.378215  0.978542  20.6013  -242.768
0.0991896  -2.01459  20.5778  -243.089
0.374742  -1.53021  20.724  -242.806
0.284441  -1.30473  20.604  -242.908
0.52344  -1.37344  20.7053  -242.989
0.381038  0.185321  20.7519  -242.53
0.966788  0.929719  20.7263  -242.783
0.909084  0.798835  20.7176  -242.869
0.723605  0.528375  20.7163  -242.881
0.605352  0.244718  20.7176  -242.869
0.533345  0.0113221  20.7176  -242.869
0.260339  1.21523  20.5167  -242.689
0.624906  2.19446  20.6226  -242.793
0.456433  2.33465  20.7163  -242.881
0.342081  -2.85363  20.5993  -242.954
0.663037  -2.06943  20.7053  -242.989
0.962121  -1.69158  20.7053  -242.989
0.74343  -1.46822  20.7286  -242.76
0.109474  -0.181273  20.6544  -242.683
0.23476  1.86246  20.6184  -242.893
0.544228  1.5983  20.7426  -242.622
0.688015  1.57436  20.6184  -242.893
0.61137  1.21392  20.8393  -242.749
0.243316  0.273624  20.5778  -243.089
0.844371  -1.54492  20.6963  -243.078
0.746453  -1.93914  20.5167  -242.689
0.852018  -2.41697  20.5828  -243.04
0.458306  -2.21592  20.8387  -242.687
0.206031  -0.491062  20.71  -242.943
0.423194  -1.45029  20.5878  -242.991
0.772134  -1.86621  20.6007  -243.008
0.553182  -1.84726  20.7263  -242.783
0.207169  -1.98662  20.6184  -242.893
0.239686  2.66935  20.618  -242.77
0.581472  2.9933  20.4692  -243.002
0.589197  -3.01978  20.7176  -242.869
0.355675  2.98094  20.6087  -242.862
0.784372  1.67452  20.7519  -242.53
1.84394  1.37765  20.7519  -242.53
2.06263  1.27755  20.7263  -242.783
1.44875  1.2242  20.6184  -242.893
1.16117  1.37926  20.6227  -242.647
0.601801  1.65388  20.5828  -243.04
0.165484  0.423655  20.826  -242.753
0.317085  -0.30209  20.6184  -242.893
0.471336  -0.381144  20.826  -242.753
0.765606  -0.599731  20.7053  -242.989
0.803273  -0.764568  20.7286  -242.76
0.835137  -0.915663  20.7053  -242.989
0.701841  -1.28405  20.6013  -242.768
0.691784  -1.58525  20.7053  -242.989
1.03937  -1.55442  20.7053  -242.989
1.2779  -1.69743  20.6007  -243.008
0.527704  -1.9003  20.7519  -242.53
0.928992  -2.5481  20.2974  -243.27
1.50191  -2.42015  20.7176  -242.869
0.936461  -2.68124  20.6013  -242.768
0.776546  2.91081  20.618  -242.77
0.972378  2.57  20.5189  -242.803
1.32373  1.99819  20.7519  -242.53
1.64925  1.70658  20.6013  -242.768
1.04411  1.60763  20.7053  -242.989
0.815284  0.917729  20.826  -242.753
1.09601  0.663632  20.7263  -242.783
0.780484  0.503065  20.604  -242.908
1.13321  0.449047  20.9782  -242.613
1.64075  0.743373  20.6444  -242.578
0.757482  1.09214  20.4468  -243.045
0.182185  -2.16492  20.716  -242.884
0.653084  -1.54807  20.7053  -242.989
1.15412  -1.50243  20.7053  -242.989
0.91312  -1.83048  20.5167  -242.689
0.776884  -2.39367  20.6184  -242.893
0.394275  -2.1557  20.826  -242.753
0.203008  0.0441087  20.7263  -242.783
0.518351  0.848407  20.7366  -242.681
0.677859  1.24205  20.618  -242.77
0.416386  1.75889  20.6184  -242.893
0.24038  1.91264  20.7263  -242.783
1.32121  0.970231  21.069  -242.347
1.69386  0.923046  20.6184  -242.893
0.636934  0.903734  20.6095  -242.922
0.590439  1.25685  20.7519  -242.53
1.01463  1.55206  20.6227  -242.647
0.704702  2.04578  20.6184  -242.893
0.371528  -3.01825  20.7176  -242.869
0.635916  -1.93874  20.7113  -242.93
0.598731  -2.08643  20.6227  -242.647
0.552531  -2.7772  20.6013  -242.768
0.485678  -2.74447  20.7263  -242.783
0.353795  3.14048  20.6273  -242.679
0.695105  -2.40378  20.5853  -243.091
1.35038  -1.90824  20.7053  -242.989
1.43088  -2.04752  20.4497  -242.809
1.43536  -2.09616  20.7053  -242.989
1.26381  -1.79206  20.7176  -242.869
1.39304  -1.6991  20.5853  -243.091
1.63176  -1.7658  20.5878  -242.991
0.932098  -1.69362  20.7366  -242.681
0.511928  -1.11549  20.7053  -242.989
0.484694  -0.404673  20.7286  -242.76
0.733276  0.5674  20.7286  -242.76
0.470365  0.359539  20.5853  -243.091
0.332001  -0.438736  20.7176  -242.869
0.657397  0.374199  20.826  -242.753
0.796413  0.317875  20.7053  -242.989
0.646112  0.114904  20.7176  -242.869
0.83716  0.452839  20.826  -242.753
0.744561  0.187917  20.6963  -243.078
0.523419  -1.00026  20.6007  -243.008
0.503761  -1.56148  20.7147  -242.897
0.655109  -1.96161  20.5828  -243.04
0.684754  1.96578  20.7821  -242.233
1.40974  1.62084  20.7053  -242.989
0.459856  1.73664  20.6963  -243.078
0.712832  3.13462  20.3656  -242.866
0.827603  3.07402  20.8213  -242.859
0.349501  -2.71968  20.7053  -242.989
0.196146  0.907478  20.8431  -242.644
0.335116  1.01489  20.5878  -242.991
0.322591  0.787254  20.826  -242.753
0.732766  0.877332  20.7286  -242.76
0.704697  0.911902  20.7176  -242.869
0.255275  1.79373  20.4934  -242.919
0.406515  2.52879  20.7286  -242.76
0.492386  1.81126  20.7286  -242.76
0.400496  1.52619  20.7163  -242.881
0.135341  2.31973  20.6184  -242.893
0.575364  2.9341  20.4942  -242.756
0.905953  2.76878  20.618  -242.77
0.721943  2.52569  20.7263  -242.783
1.34079  -2.90873  20.1378  -243.18
2.00368  -2.5517  20.7053  -242.989
1.58007  -2.1661  20.7053  -242.989
1.28199  -1.9323  20.6184  -242.893
0.648276  -1.38425  20.826  -242.753
0.764105  -0.574532  20.7053  -242.989
1.00111  -0.683547  20.7053  -242.989
1.01547  -0.572783  20.7163  -242.881
0.923403  -0.285324  20.7176  -242.869
0.705707  -0.410074  20.6007  -243.008
0.775869  -0.984189  20.6963  -243.078
0.489992  -0.995397  20.618  -242.77
0.292469  2.23237  20.5189  -242.803
0.461453  2.26045  20.71  -242.943
0.558742  1.96065  20.618  -242.77
0.943513  1.89255  20.618  -242.77
0.968171  1.97685  20.5978  -242.892
0.719874  1.8982  20.7176  -242.869
0.155368  1.25877  20.6963  -243.078
0.0858161  -0.640902  20.6226  -242.793
0.343918  1.81533  20.6013  -242.768
0.708976  2.2282  20.4893  -242.805
0.705185  2.99173  20.569  -243.086
0.661874  -2.99702  20.6013  -242.768
0.559606  -2.87098  20.6007  -243.008
0.723395  -2.20965  20.6007  -243.008
0.350147  -1.26365  20.8344  -242.73
0.651751  0.0612705  20.7163  -242.881
0.832181  -0.39459  20.6963  -243.078
0.832745  -0.707194  20.6184  -242.893
0.643708  -0.511094  20.7176  -242.869
0.668319  0.0967607  20.7263  -242.783
0.486593  0.106499  20.6007  -243.008
0.562469  0.255846  20.826  -242.753
0.769799  1.31582  20.4309  -242.69
1.12224  1.55539  20.826  -242.753
0.760701  1.39947  20.6007  -243.008
0.167737  2.68804  20.6135  -242.98
0.473318  -2.36097  20.6051  -242.965
0.723345  -2.31133  20.5928  -242.941
0.796062  -2.06869  20.7053  -242.989
0.476029  -1.69029  20.7263  -242.783
0.31912  -0.981384  20.7088  -242.955
5.8712  -0.483562  23.3113  -244.198
69.622  -0.132891  24.9528  -245.689
79.5057  -0.236355  27.9801  -247.155
180.287  -0.53449  30.9296  -248.926
187.942  -0.526179  34.5016  -250.133
244.992  -0.407436  38.1654  -252.041
250.04  -0.408808  41.9042  -253.145
256.094  -0.399377  46.4483  -254.036
263.716  -0.385936  50.6894  -255.66
320.57  -0.312061  55.3964  -256.523
322.432  -0.307311  59.8468  -258.223
324.905  -0.300435  64.8324  -258.905
329.338  -0.286533  70.4726  -259.747
336.911  -0.269828  76.4522  -260.893
398.31  -0.219067  81.951  -261.769
400.37  -0.20781  88.1292  -262.413
404.468  -0.194119  94.6616  -263.093
409.22  -0.17917  100.569  -263.582
415.34  -0.163672  107.632  -264.215
422.493  -0.147978  113.872  -264.568
431.15  -0.130849  121.495  -264.73
440.712  -0.112922  128.029  -264.851
450.046  -0.0956207  135.302  -264.991
459.539  -0.0785853  142.342  -264.866
468.042  -0.0625416  149.244  -264.906
477.166  -0.0474787  157.197  -264.707
487.139  -0.0333574  164.672  -264.573
495.546  -0.0200214  171.685  -264.172
502.519  -0.00756811  179.154  -263.923
508.473  0.00482004  186.395  -263.224
512.941  0.0187481  193.571  -262.326
516.502  0.0334852  200.973  -261.487
517.237  0.0460812  207.113  -261.191
516.864  0.0579713  214.857  -260.027
515.963  0.0708326  221.255  -259.078
526.452  0.084721  235.025  -257.155
619.396  0.0865068  241.485  -255.939
617.001  0.0996066  247.851  -254.805
552.326  0.123263  253.621  -253.649
542.964  0.136704  259.766  -252.102
462.922  0.171585  265.6  -251.118
458.041  0.18301  271.225  -249.495
451.239  0.194351  276.3  -248.333
445.213  0.204282  282.841  -246.789
438.161  0.212761  287.1  -245.781
427.93  0.219084  291.976  -244.789
416.326  0.212587  297.027  -246.124
397.671  0.0499932  302.211  -246.051
387.815  0.0375977  306.731  -246.795
378.11  0.0209751  311.595  -247.285
369.872  0.00137355  316.576  -248.081
363.657  -0.0184248  321.723  -248.396
358.035  -0.0345504  326.114  -248.593
352.53  -0.047778  330.879  -248.989
350.201  -0.0582602  336.816  -249.292
348.485  -0.0652921  340.796  -249.475
344.642  -0.0675725  345.147  -249.318
341.116  -0.0650265  350.052  -249.289
338.313  -0.0606193  354.613  -249.434
334.695  -0.0532058  358.716  -249.046
329.746  -0.0425279  362.731  -248.871
332.225  -0.0275657  371.137  -248.239
338.011  -0.00792643  374.632  -247.433
337.983  0.0101291  378.279  -247.417
334.339  0.0267352  382.052  -246.706
327.742  0.0462922  385.372  -245.866
319.675  0.062828  389.267  -245.949
312.98  0.0681305  393.827  -246.531
307.448  0.0640093  397.747  -246.783
302.482  0.055725  401.918  -246.916
298.392  0.0465424  405.959  -246.864
293.084  0.0382593  409.018  -246.846
287.037  0.0300723  412.88  -246.929
281.978  0.0236806  416.663  -246.693
276.413  0.0193399  419.743  -246.698
269.982  0.0181717  423.029  -246.284
268.665  0.0232556  428.995  -245.643
273.103  0.0275028  433.683  -245.882
278.167  0.0281138  437.807  -245.781
280.872  0.0258124  441.081  -246.082
281.542  0.023501  444.983  -245.743
282.178  0.0239232  449.081  -245.56
281.281  0.0238162  452.229  -245.622
271.828  0.0228977  452.229  -245.622
145.675  0.0382892  452.229  -245.622
77.1196  0.0627927  452.229  -245.622
67.6583  0.0602748  452.229  -245.622
4.02656  0.974305  452.229  -245.622
2.63944  1.60587  452.229  -245.622
2.67332  2.28771  452.229  -245.622
3.207  2.66402  452.229  -245.622
3.62552  2.85712  452.229  -245.622
3.80882  2.97173  452.229  -245.622
3.77736  3.04944  452.229  -245.622
3.58134  3.10779  452.229  -245.622
3.27256  -3.12787  452.229  -245.622
2.89646  -3.08648  452.229  -245.622
2.48996  -3.04824  452.229  -245.622
2.08139  -3.01089  452.229  -245.622
